Kasia Kowalczyk 80
Burowiec Brynow
luty
01 6.00 - 14.00
02 6.00 - 14.00
03 6.00 - 14.00
04 6.00 - 14.00
05 6.00 - 14.00
06 6.00 - 14.00
07 6.00 - 14.00
08 6.00 - 14.00
09 6.00 - 14.00
10 6.00 - 14.00
11 6.00 - 14.00
12 6.00 - 14.00
13 6.00 - 14.00
14 6.00 - 14.00
15 6.00 - 14.00
16 6.00 - 14.00
17 6.00 - 14.00
18 6.00 - 14.00
19 6.00 - 14.00
20 6.00 - 14.00
21 6.00 - 14.00
22 6.00 - 14.00
23 6.00 - 14.00
24 6.00 - 14.00
25 6.00 - 14.00
26 6.00 - 14.00
27 6.00 - 14.00
28 6.00 - 14.00
